&b / °	R_0 / 1/s	R_1 / 1/s	R_2 / 1/s	R_3 / 1/s	R_4 / 1/s	R_5 / 1/s
2,5	61	59,3	37,0	16,0	8,7	2,7
2,6	67	65,7	33,7	18,7	9,3	4,7
2,7	82	75,3	36,0	20,3	10,3	3,3
2,8	102	60,3	37,3	16,7	10,7	1,7
2,9	105	83,7	39,7	23,0	8,0	2,0
3,0	140	108,0	38,0	18,0	9,7	3,0
3,1	213	186,0	42,3	21,0	7,3	4,0
3,2	238	213,3	47,3	23,7	9,0	3,3
3,3	307	275,0	41,3	23,0	8,3	3,3
3,4	306	297,7	55,7	21,3	12,0	1,7
3,5	332	320,7	73,3	22,0	8,7	3,3
3,6	353	346,3	102,3	23,0	12,7	4,3
3,7	384	322,3	124,7	24,7	11,0	4,0
3,8	374	354,3	148,3	32,7	10,7	5,0
3,9	347	331,3	157,3	25,0	11,0	2,7
4,0	345	331,3	172,3	39,3	14,0	2,3
4,1	347	327,3	188,3	51,0	10,0	5,3
4,2	331	333,7	183,3	68,7	10,0	2,7
4,3	326	323,7	190,3	80,0	12,0	3,3
4,4	315	328,0	187,3	95,0	13,0	3,3
4,5	319	311,3	192,3	87,3	13,0	5,7
4,6	328	292,3	183,0	111,3	18,0	2,7
4,7	285	278,7	171,0	102,3	19,3	3,0
4,8	263	270,0	179,7	106,0	24,0	4,3
4,9	279	258,3	161,7	108,7	32,0	4,0
5,0	242	255,3	164,0	104,3	38,0	4,7
5,1	222	244,3	156,7	108,0	39,3	3,0
5,2	255	246,3	161,3	109,3	39,7	3,3
5,3	267	252,0	166,7	109,0	48,7	4,0
5,4	309	294,3	191,7	108,3	44,3	3,0
5,5	376	324,3	202,3	114,0	47,3	5,3
5,6	331	320,3	183,7	114,3	54,0	3,7
5,7	251	286,3	179,3	111,7	49,7	9,0
5,8	237	212,0	140,7	87,7	41,7	11,0
5,9	276	232,0	153,7	84,7	49,7	12,0
6,0	359	316,0	184,0	110,0	53,7	8,0
6,1	525	419,7	267,7	130,0	64,7	16,7
6,2	552	505,7	298,3	162,3	66,0	15,3
6,3	473	543,3	285,7	158,3	57,3	10,3
6,4	352	384,3	206,7	110,0	48,7	13,3
6,5	237	230,3	112,3	82,7	40,3	13,0
6,6	173	199,7	99,3	62,0	38,0	15,7
6,7	182	191,7	99,0	61,0	33,3	14,0
6,8	179	181,0	88,7	58,7	31,0	15,0
6,9	179	184,0	90,7	58,3	36,7	13,3
7,0	174	159,7	93,7	60,7	32,7	13,3
7,1	179	176,0	75,3	47,3	34,0	14,3
7,2	167	168,3	98,0	56,7	29,3	13,7
7,3	173	165,3	83,0	45,7	25,7	14,3
7,4	171	157,7	90,0	52,3	27,0	13,3
7,5	159	162,7	89,3	50,0	28,0	8,0
7,6	166	169,3	87,3	48,0	22,0	11,7
7,7	148	156,3	83,0	44,3	24,0	12,3
7,8	170	148,7	93,0	44,0	26,7	11,7
7,9	160	156,7	92,7	42,0	20,3	13,3
8,0	171	172,0	99,0	55,3	32,3	12,3
8,1	205	181,0	104,3	56,7	30,7	14,3
8,2	198	179,3	118,0	59,7	36,7	21,7
8,3	174	160,3	115,0	75,0	35,7	19,3
8,4	193	185,0	108,3	74,3	34,7	19,7
8,5	184	173,7	108,3	67,3	33,0	24,0
8,6	162	172,3	106,3	68,3	29,3	17,0
8,7	162	156,3	100,3	58,0	29,0	19,7
8,8	136	156,3	97,0	60,0	35,3	17,3
8,9	164	147,0	94,7	54,7	30,0	14,7
9,0	155	145,3	99,3	49,0	27,7	14,3
9,1	152	137,7	94,3	55,0	26,0	9,3
9,2	139	152,7	89,7	50,3	23,0	12,0
9,3	158	145,7	94,0	56,7	21,0	10,3
9,4	142	130,0	91,7	50,3	20,0	9,3
9,5	165	137,7	81,3	51,0	24,0	12,7
9,6	141	129,0	90,3	55,0	26,3	6,7
9,7	129	129,7	96,0	51,7	23,7	10,3
9,8	132	136,3	82,0	50,3	18,7	7,3
9,9	144	125,3	77,0	42,7	25,0	7,0
10,0	123	125,0	66,0	50,7	25,7	7,3
10,1	140	140,3	83,0	45,3	22,3	5,3
10,2	124	132,0	75,0	47,0	23,0	5,7
10,3	143	119,0	64,7	40,0	16,7	7,7
10,4	132	118,0	75,3	55,0	19,0	5,3
10,5	144	140,7	65,0	43,3	20,3	6,0
10,6	111	119,3	78,0	47,3	22,7	3,0
10,7	137	131,0	77,3	42,7	20,3	5,7
10,8	143	121,7	80,7	44,0	23,0	5,3
10,9	129	149,7	80,0	43,3	25,3	5,0
11,0	178	145,3	93,0	46,0	20,7	4,0
11,1	182	149,0	91,0	55,0	22,3	1,7
11,2	146	149,0	94,0	50,3	20,7	5,0
11,3	136	134,7	82,0	44,3	19,3	4,3
11,4	141	121,7	71,7	36,7	16,7	5,0
11,5	120	120,7	69,0	41,3	16,3	5,3
11,6	131	119,0	72,7	43,3	21,7	8,7
11,7	133	115,0	72,7	40,3	22,7	4,7
11,8	117	120,0	66,0	45,0	20,0	7,0
11,9	118	117,3	72,0	45,3	21,7	4,7
12,0	122	112,7	67,0	39,3	14,7	5,7
12,1	138					
12,2	147					
12,3	160					
12,4	221					
12,5	205					
12,6	173					
12,7	127					
12,8	121					
12,9	101					
13,0	122					
13,1	120					
13,2	126					
13,3	117					
13,4	109					
13,5	107					
13,6	117					
13,7	134					
13,8	116					
13,9	124					
14,0	110					
14,1	124					
14,2	122					
14,3	90					
14,4	128					
14,5	124					
14,6	97					
14,7	97					
14,8	106					
14,9	119					
15,0	95					
15,1	133					
15,2	105					
15,3	110					
15,4	105					
15,5	111					
15,6	94					
15,7	107					
15,8	114					
15,9	118					
16,0	107					
16,1	120					
16,2	112					
16,3	126					
16,4	125					
16,5	119					
16,6	118					
16,7	132					
16,8	104					
16,9	119					
17,0	114					
17,1	119					
17,2	113					
17,3	98					
17,4	116					
17,5	106					
17,6	111					
17,7	120					
17,8	112					
17,9	97					
18,0	112					
18,1	126					
18,2	89					
18,3	114					
18,4	114					
18,5	103					
18,6	123					
18,7	102					
18,8	124					
18,9	138					
19,0	110					
19,1	115					
19,2	91					
19,3	104					
19,4	96					
19,5	110					
19,6	105					
19,7	102					
19,8	113					
19,9	106					
20,0	97					
20,1	99					
20,2	85					
20,3	108					
20,4	99					
20,5	99					
20,6	106					
20,7	89					
20,8	96					
20,9	120					
21,0	101					
21,1	104					
21,2	99					
21,3	97					
21,4	112					
21,5	94					
21,6	82					
21,7	105					
21,8	117					
21,9	99					
22,0	95					
22,1	126					
22,2	98					
22,3	99					
22,4	97					
22,5	86					
22,6	91					
22,7	97					
22,8	91					
22,9	108					
23,0	109					
23,1	107					
23,2	100					
23,3	104					
23,4	101					
23,5	100					
23,6	100					
23,7	104					
23,8	117					
23,9	100					
24,0	111					
24,1	98					
24,2	107					
24,3	87					
24,4	97					
24,5	95					
24,6	89					
24,7	117					
24,8	94					
24,9	97					
25,0	101					
25,1	103					
25,2	101					
25,3	104					
25,4	103					
25,5	105					
25,6	116					
25,7	107					
25,8	97					
25,9	93					
26,0	99					
26,1	99					
26,2	112					
26,3	116					
26,4	84					
26,5	108					
26,6	103					
26,7	102					
26,8	78					
26,9	87					
27,0	110					
27,1	105					
27,2	101					
27,3	92					
27,4	91					
27,5	111					
27,6	79					
27,7	104					
27,8	94					
27,9	103					
28,0	95					
28,1	84					
28,2	117					
28,3	106					
28,4	106					
28,5	110					
28,6	81					
28,7	107					
28,8	106					
28,9	101					
29,0	101					
29,1	94					
29,2	107					
29,3	97					
29,4	103					
29,5	102					
29,6	89					
29,7	109					
29,8	93					
29,9	89					
30,0	91					
