&b / °	R_0 / 1/s	R_1 / 1/s	R_2 / 1/s	R_3 / 1/s	R_4 / 1/s	R_5 / 1/s
2,5	6	6,0	2,3	1,3	0,0	0,7
2,6	8	6,0	4,3	2,7	2,3	1,3
2,7	5	6,7	5,3	1,0	1,7	0,7
2,8	8	6,7	3,7	0,7	1,3	0,7
2,9	6	6,0	3,3	2,7	0,3	1,0
3,0	17	7,3	3,0	2,0	1,3	0,3
3,1	17	11,3	4,3	3,0	1,0	0,7
3,2	31	22,7	2,7	3,3	0,7	0,3
3,3	86	46,3	4,3	3,7	1,0	0,7
3,4	251	164,3	4,0	2,3	0,3	1,0
3,5	562	396,7	2,7	2,0	1,7	0,7
3,6	815	658,7	6,0	2,0	0,7	0,7
3,7	954	880,3	7,7	2,0	1,0	0,0
3,8	1084	1014,3	6,3	4,3	2,3	0,0
3,9	1250	1076,3	22,3	3,3	1,3	0,3
4,0	1296	1151,3	80,3	1,3	1,7	0,3
4,1	1359	1226,0	213,7	2,3	1,0	0,3
4,2	1309	1238,3	375,0	3,7	0,3	0,0
4,3	1393	1252,7	490,0	1,7	1,3	0,3
4,4	1338	1255,0	602,3	3,7	0,3	0,7
4,5	1347	1235,7	630,7	19,0	1,3	0,7
4,6	1267	1237,7	687,3	50,3	2,3	0,7
4,7	1294	1194,3	708,0	137,0	0,3	0,0
4,8	1244	1190,3	721,3	208,7	2,0	0,3
4,9	1231	1126,7	696,7	286,3	1,0	1,3
5,0	1172	1108,0	723,3	333,3	0,7	1,0
5,1	1166	1087,0	701,7	354,3	2,7	0,7
5,2	1018	1044,0	687,0	394,3	1,3	0,7
5,3	1067	1006,7	676,3	391,0	14,3	0,0
5,4	940	947,0	661,3	390,3	34,0	1,0
5,5	920	891,0	656,7	397,3	68,0	0,3
5,6	929	871,3	632,0	390,7	113,0	0,3
5,7	918	828,3	594,3	379,0	127,3	0,0
5,8	828	750,7	585,0	350,3	142,0	0,7
5,9	787	740,3	536,0	367,7	161,3	0,7
6,0	731	698,0	523,0	356,3	157,7	0,3
6,1	697	678,0	510,0	372,3	188,7	1,0
6,2	797	738,3	559,0	390,0	191,7	0,7
6,3	1163	1081,7	753,0	486,0	213,7	2,3
6,4	1459	1350,7	906,3	532,0	248,7	3,0
6,5	1447	1354,3	874,3	533,3	233,0	5,7
6,6	985	913,3	630,0	406,7	207,3	15,7
6,7	614	563,7	406,0	297,3	184,7	33,3
6,8	589	528,0	389,0	280,7	173,7	40,7
6,9	600	544,0	394,3	262,0	182,7	46,0
7,0	837	766,3	497,0	318,7	189,3	55,3
7,1	1908	1763,3	1086,7	645,0	268,0	59,7
7,2	2582	2446,3	1549,0	905,0	338,7	61,0
7,3	2628	2458,3	1594,3	924,7	338,3	67,3
7,4	1566	1510,7	929,3	541,0	233,7	62,3
7,5	579	554,7	318,3	234,7	148,3	65,3
7,6	507	460,3	275,0	202,3	134,3	65,0
7,7	503	467,3	249,7	195,7	135,3	68,3
7,8	470	431,3	233,7	179,3	132,7	67,0
7,9	493	425,7	219,0	164,0	117,0	61,7
8,0	447	434,3	212,0	166,0	119,0	56,7
8,1	449	405,0	214,3	154,3	113,3	60,3
8,2	432	403,0	219,7	137,0	99,3	62,0
8,3	455	385,0	217,3	139,7	93,0	52,7
8,4	402	364,0	213,3	136,3	102,7	57,3
8,5	379	381,3	211,3	117,3	93,7	50,0
8,6	364	354,3	203,0	107,3	81,7	48,0
8,7	355	342,7	229,0	119,7	77,0	43,3
8,8	347	331,3	223,3	100,3	76,7	43,3
8,9	362	311,3	204,0	89,3	78,0	44,7
9,0	363	304,7	183,7	93,0	72,3	42,0
9,1	345	310,7	187,3	92,7	65,7	41,3
9,2	306	303,7	195,3	84,7	53,3	39,7
9,3	325	298,3	179,0	79,0	50,3	36,3
9,4	319	259,3	172,0	81,7	49,3	34,7
9,5	255	262,0	159,0	84,7	43,3	25,7
9,6	291	263,3	171,7	70,0	38,7	28,0
9,7	275	240,3	164,3	74,3	34,3	24,7
9,8	255	239,0	155,7	88,7	36,3	28,7
9,9	252	228,0	153,7	86,3	34,0	26,3
10,0	266	241,0	143,0	79,0	36,0	22,7
10,1	240	214,3	138,0	78,7	32,3	19,0
10,2	232	214,7	135,3	91,7	29,0	19,0
10,3	226	214,3	133,3	80,0	27,7	15,7
10,4	234	216,0	128,3	73,0	27,0	16,7
10,5	206	198,0	130,3	69,7	20,0	13,7
10,6	208	204,7	134,7	71,3	19,3	10,7
10,7	236	186,3	121,0	69,3	20,3	8,0
10,8	201	186,7	126,0	69,0	18,7	10,0
10,9	210	197,7	111,0	66,0	18,0	11,0
11,0	212	186,3	115,0	67,3	18,7	12,7
11,1	190	177,0	109,7	75,0	21,3	10,3
11,2	186	171,7	101,0	72,7	25,0	8,7
11,3	195	161,3	98,7	67,3	28,3	6,3
11,4	154	160,3	101,7	64,7	24,3	8,0
11,5	176	159,3	96,7	57,0	24,3	5,0
11,6	172	171,0	87,7	68,3	30,0	4,7
11,7	168	152,3	89,0	63,3	22,3	4,0
11,8	175	143,0	93,3	60,0	24,3	4,3
11,9	167	150,7	95,0	57,3	27,0	2,3
12,0	175	144,7	83,0	57,0	25,0	3,0
12,1	191					
12,2	126					
12,3	154					
12,4	145					
12,5	142					
12,6	169					
12,7	234					
12,8	283					
12,9	374					
13,0	425					
13,1	260					
13,2	153					
13,3	161					
13,4	128					
13,5	135					
13,6	138					
13,7	136					
13,8	155					
13,9	128					
14,0	121					
14,1	127					
14,2	109					
14,3	174					
14,4	354					
14,5	716					
14,6	890					
14,7	684					
14,8	313					
14,9	142					
15,0	109					
15,1	96					
15,2	88					
15,3	105					
15,4	90					
15,5	91					
15,6	85					
15,7	88					
15,8	92					
15,9	82					
16,0	86					
16,1	85					
16,2	75					
16,3	93					
16,4	83					
16,5	92					
16,6	86					
16,7	78					
16,8	63					
16,9	65					
17,0	58					
17,1	69					
17,2	68					
17,3	71					
17,4	63					
17,5	67					
17,6	54					
17,7	56					
17,8	61					
17,9	64					
18,0	73					
18,1	62					
18,2	63					
18,3	60					
18,4	49					
18,5	48					
18,6	37					
18,7	51					
18,8	47					
18,9	55					
19,0	42					
19,1	51					
19,2	52					
19,3	56					
19,4	56					
19,5	89					
19,6	98					
19,7	99					
19,8	75					
19,9	51					
20,0	50					
20,1	46					
20,2	46					
20,3	57					
20,4	37					
20,5	44					
20,6	52					
20,7	53					
20,8	41					
20,9	49					
21,0	37					
21,1	38					
21,2	38					
21,3	37					
21,4	33					
21,5	27					
21,6	31					
21,7	44					
21,8	31					
21,9	44					
22,0	90					
22,1	190					
22,2	221					
22,3	167					
22,4	97					
22,5	53					
22,6	31					
22,7	35					
22,8	36					
22,9	29					
23,0	34					
23,1	28					
23,2	37					
23,3	35					
23,4	36					
23,5	36					
23,6	19					
23,7	33					
23,8	31					
23,9	29					
24,0	26					
24,1	28					
24,2	23					
24,3	28					
24,4	23					
24,5	25					
24,6	15					
24,7	20					
24,8	33					
24,9	23					
25,0	22					
25,1	20					
25,2	28					
25,3	20					
25,4	23					
25,5	24					
25,6	24					
25,7	22					
25,8	23					
25,9	26					
26,0	28					
26,1	26					
26,2	27					
26,3	25					
26,4	17					
26,5	31					
26,6	29					
26,7	43					
26,8	26					
26,9	16					
27,0	19					
27,1	16					
27,2	16					
27,3	19					
27,4	20					
27,5	16					
27,6	24					
27,7	20					
27,8	20					
27,9	25					
28,0	24					
28,1	13					
28,2	15					
28,3	24					
28,4	13					
28,5	24					
28,6	14					
28,7	14					
28,8	15					
28,9	12					
29,0	9					
29,1	20					
29,2	20					
29,3	19					
29,4	22					
29,5	29					
29,6	14					
29,7	18					
29,8	11					
29,9	23					
30,0	35					
